4898567798
4898241863
4898241850
4897079838
4897076185
4896657875
4896317590
4896149882
4895751756
4895744771
4895514362
4895364954
4895071102
4894138132
4894035797
4893842519
4893101330
4892531838
4891275291
4889931387
4889266005
4889226791
4888959402
4888637634
4888555553
4888100077
4888007967
4887053816
4886920781
4886920305
4886565685
4886189663
4885825365
4884324609
4884111338
4883318863
4880662376
4879809168
4879101692
4878573738
4878198010
4878197620
4877466969
4877394216
4877377142
4877302846
4877032908
4876805176
4876126927
4875286647
4875284249
4875105965
4874844014
4874769452
4874724385
4872346125
4870961455
4870198274
4869940710
4869481690
4869420167
4869106483
4869079021
4868625591
4867767921
4867650124
4865882785
4865198721
4865063846
4864869651
4864717615
4862427171
4862250217
4859833674
4859119220
4859027676
4857357181
4856619049
4855709798
4899424825
4899290952
4899262307
4899215568
4899174741
4899076801
4898892746
4899051189
4898996048
4898957873
4898949761
4859786578
4898823302
4888790917
4898820122
4888789780
4898745698
4898735991
4898537902
4882542799
4885750838
